Búsqueda Elecciones

Diputados Federales por Estado:-

AÑO,ESTADO,PAN,PRI,PRD,PT,PVEM,COALICIONES,OTROS,Votos Efectivos,No Registrados,Anulados,Total de Votos,Lista Nominal,
1961,Aguascalientes,5598,50690,0,0,0,0,60,56348,1836,0,58184,86272,
1961,Baja California,35807,91323,0,0,0,0,4945,132075,4247,0,136322,240325,
1961,Baja California Sur,17,27314,0,0,0,0,8,27339,92,0,27431,29197,
1961,Campeche,3376,35961,0,0,0,0,0,39337,23,0,39360,55316,
1961,Chiapas,2118,289356,0,0,0,0,0,291474,0,0,291474,349356,
1961,Chihuahua,35813,166163,0,0,0,0,750,202726,142,0,202868,330217,
1961,Coahuila,4698,232186,0,0,0,0,1650,238534,473,0,239007,298540,
1961,Colima,4558,33734,0,0,0,0,1,38293,5,0,38298,55417,
1961,Distrito Federal,253652,528893,0,0,0,0,6587,789132,4882,0,794014,1313134,
1961,Durango,1537,164027,0,0,0,0,2437,168001,425,0,168426,233278,
1961,Guanajuato,11441,322252,0,0,0,0,3022,336715,1070,0,337785,480774,
1961,Guerrero,9671,266652,0,0,0,0,10742,287065,813,0,287878,415009,
1961,Hidalgo,2912,253491,0,0,0,0,65,256468,231,0,256699,287504,
1961,Jalisco,33962,378356,0,0,0,0,5224,417542,1704,0,419246,742254,
1961,México,1412,279278,0,0,0,0,4549,285239,426,0,285665,394244,
1961,Michoacán,31096,239462,0,0,0,0,598,271156,1160,0,272316,481497,
1961,Morelos,3826,34150,0,0,0,0,8428,46404,316,0,46720,124677,
1961,Nayarit,0,80904,0,0,0,0,1766,82670,0,0,82670,123515,
1961,Nuevo León,9955,182498,0,0,0,0,1498,193951,0,0,193951,330949,
1961,Oaxaca,12732,389132,0,0,0,0,1415,403279,7079,0,410358,514146,
1961,Puebla,9453,388584,0,0,0,0,11566,409603,2452,0,412055,541134,
1961,Queretaro,4409,82853,0,0,0,0,669,87931,220,0,88151,147415,
1961,Quintana Roo,0,11861,0,0,0,0,0,11861,0,0,11861,16361,
1961,San Luis Potosí,24281,173616,0,0,0,0,2691,200588,349,0,200937,297286,
1961,Sinaloa,2296,105856,0,0,0,0,3724,111876,241,0,112117,249459,
1961,Sonora,1054,96165,0,0,0,0,7186,104405,28,0,104433,289371,
1961,Tabasco,0,109518,0,0,0,0,650,110168,175,0,110343,142747,
1961,Tamaulipas,3084,220161,0,0,0,0,3896,227141,289,0,227430,320769,
1961,Tlaxcala,1125,95333,0,0,0,0,83,96541,50,0,96591,113829,
1961,Veracruz,3537,502185,0,0,0,0,2696,508418,1345,0,509763,658049,
1961,Yucatán,0,205984,0,0,0,0,0,205984,5,0,205989,236608,
1961,Zacatecas,6451,130817,0,0,0,0,3087,140355,546,0,140901,208829,
1964,Aguascalientes,6138,63740,0,0,0,0,2269,72147,0,0,72147,100551,
1964,Baja California,41039,115230,0,0,0,0,5531,161800,0,0,161800,257984,
1964,Baja California Sur,0,24126,0,0,0,0,1758,25884,240,0,26124,35025,
1964,Campeche,2037,56638,0,0,0,0,1734,60409,0,0,60409,69833,
1964,Chiapas,3361,319911,0,0,0,0,2539,325811,0,0,325811,433770,
1964,Chihuahua,57653,198531,0,0,0,0,2564,258748,87,0,258835,498502,
1964,Coahuila,17829,235054,0,0,0,0,2737,255620,293,0,255913,340419,
1964,Colima,4904,32569,0,0,0,0,114,37587,5,0,37592,68902,
1964,Distrito Federal,383399,861302,0,0,0,0,34486,1279187,3984,0,1283171,2080465,
1964,Durango,21673,195798,0,0,0,0,3013,220484,0,222,220706,312512,
1964,Guanajuato,86588,315180,0,0,0,0,6699,408467,527,0,408994,627364,
1964,Guerrero,13406,373348,0,0,0,0,4200,390954,184,0,391138,519622,
1964,Hidalgo,3568,355807,0,0,0,0,278,359653,11,0,359664,399751,
1964,Jalisco,76685,488220,0,0,0,0,5964,570869,775,0,571644,992016,
1964,México,36614,442674,0,0,0,0,5379,484667,190,0,484857,704174,
1964,Michoacán,53763,315612,0,0,0,0,5989,375364,3015,0,378379,671327,
1964,Morelos,6293,101790,0,0,0,0,2389,110472,195,0,110667,184322,
1964,Nayarit,5724,62011,0,0,0,0,5795,73530,23,0,73553,83790,
1964,Nuevo León,40555,209958,0,0,0,0,1676,252189,2,0,252191,452648,
1964,Oaxaca,16417,420930,0,0,0,0,12273,449620,127,0,449747,576228,
1964,Puebla,37348,493284,0,0,0,0,9651,540283,293,0,540576,762202,
1964,Queretaro,9100,97317,0,0,0,0,770,107187,6,0,107193,142834,
1964,Quintana Roo,0,15543,0,0,0,0,343,15886,69,0,15955,17829,
1964,San Luis Potosí,26531,251586,0,0,0,0,4826,282943,252,0,283195,405639,
1964,Sinaloa,4349,196041,0,0,0,0,6786,207176,80,0,207256,297960,
1964,Sonora,2336,123823,0,0,0,0,13171,139330,44,0,139374,273594,
1964,Tabasco,0,145484,0,0,0,0,318,145802,10,0,145812,175442,
1964,Tamaulipas,10261,277655,0,0,0,0,5374,293290,1183,0,294473,414023,
1964,Tlaxcala,1125,95333,0,0,0,0,46,96504,50,0,96554,113829,
1964,Veracruz,20939,629767,0,0,0,0,12895,663601,1065,0,664666,988387,
1964,Yucatán,28157,171749,0,0,0,0,802,200708,64,0,200772,259261,
1964,Zacatecas,24266,148885,0,0,0,0,1091,174242,0,0,174242,241539,
1967,Aguascalientes,9521,53694,0,0,0,0,587,63802,18,0,63820,112899,
1967,Baja California,42333,141748,0,0,0,0,6718,190799,601,0,191400,325000,
1967,Baja California Sur,326,22174,0,0,0,0,2215,24715,23,0,24738,40625,
1967,Campeche,437,76101,0,0,0,0,34,76572,10,0,76582,85000,
1967,Chiapas,2795,329031,0,0,0,0,10256,342082,93,0,342175,481442,
1967,Chihuahua,66206,217350,0,0,0,0,4102,287658,70,0,287728,542850,
1967,Coahuila,15927,215313,0,0,0,0,3984,235224,134,0,235358,406608,
1967,Colima,4052,38685,0,0,0,0,235,42972,6,0,42978,87414,
1967,Distrito Federal,453358,1059820,0,0,0,0,118616,1631794,6718,0,1638512,2538222,
1967,Durango,20699,15832,0,0,0,0,66388,102919,0,185,103104,335545,
1967,Guanajuato,71000,403461,0,0,0,0,16018,490479,1287,0,491766,726731,
1967,Guerrero,10418,345807,0,0,0,0,6973,363198,167,0,363365,523952,
1967,Hidalgo,9328,293182,0,0,0,0,1759,304269,70,0,304339,397505,
1967,Jalisco,97528,567010,0,0,0,0,16153,680691,1386,0,682077,1070992,
1967,México,63915,456449,0,0,0,0,20774,541138,502,0,541640,902733,
1967,Michoacán,71681,396214,0,0,0,0,13307,481202,557,0,481759,778705,
1967,Morelos,16374,72947,0,0,0,0,5497,94818,133,0,94951,206577,
1967,Nayarit,2247,54559,0,0,0,0,3569,60375,77,0,60452,164796,
1967,Nuevo León,49718,236269,0,0,0,0,9095,295082,455,0,295537,588585,
1967,Oaxaca,18306,422492,0,0,0,0,14014,454812,712,0,455524,664038,
1967,Puebla,51198,468059,0,0,0,0,24888,544145,1474,0,545619,813219,
1967,Queretaro,7640,112431,0,0,0,0,1333,121404,6,0,121410,173367,
1967,Quintana Roo,62,16159,0,0,0,0,1196,17417,20,0,17437,23019,
1967,San Luis Potosí,16538,250113,0,0,0,0,4909,271560,75,0,271635,430105,
1967,Sinaloa,8153,145835,0,0,0,0,12565,166553,935,0,167488,385473,
1967,Sonora,30605,111471,0,0,0,0,6943,149019,11,0,149030,356006,
1967,Tabasco,1498,148108,0,0,0,0,1180,150786,69,0,150855,205343,
1967,Tamaulipas,13331,244740,0,0,0,0,7803,265874,188,0,266062,476438,
1967,Tlaxcala,2912,70492,0,0,0,0,1017,74421,130,0,74551,138912,
1967,Veracruz,25948,785514,0,0,0,0,23979,835441,2491,0,837932,1229231,
1967,Yucatán,20660,167278,0,0,0,0,6790,194728,30,0,194758,285871,
1967,Zacatecas,19318,199145,0,0,0,0,2638,221101,339,0,221440,320562,
1970,Aguascalientes,11236,79614,0,0,0,0,1004,91854,471,0,92325,152001,
1970,Baja California,72060,174217,0,0,0,0,5048,251325,281,0,251606,458164,
1970,Baja California Sur,0,33818,0,0,0,0,457,34275,706,1421,36402,55676,
1970,Campeche,1197,88431,0,0,0,0,213,89841,7,328,90176,108020,
1970,Chiapas,3979,441523,0,0,0,0,4795,450297,7,0,450304,666507,
1970,Chihuahua,44240,330102,0,0,0,0,7407,381749,10301,0,392050,771895,
1970,Coahuila,28142,307418,0,0,0,0,2310,337870,81,1297,339248,584319,
1970,Colima,4784,40996,0,0,0,0,262,46042,8,229,46279,115027,
1970,Distrito Federal,716241,1354958,0,0,0,0,96028,2167227,6691,265004,2438922,3633728,
1970,Durango,28100,177344,0,0,0,0,3305,208749,557,1757,211063,423676,
1970,Guanajuato,107586,432971,0,0,0,0,5615,546172,3942,10528,560642,925364,
1970,Guerrero,18945,423011,0,0,0,0,9711,451667,78,57,451802,698563,
1970,Hidalgo,11455,416772,0,0,0,0,686,428913,429,2156,431498,549586,
1970,Jalisco,167253,758017,0,0,0,0,18751,944021,1166,27356,972543,1529320,
1970,México,137467,711359,0,0,0,0,19230,868056,736,4140,872932,1393428,
1970,Michoacán,83437,518693,0,0,0,0,10576,612706,309,54776,667791,1052835,
1970,Morelos,14155,154079,0,0,0,0,2277,170511,101,1369,171981,264512,
1970,Nayarit,4192,120218,0,0,0,0,6029,130439,0,27776,158215,236132,
1970,Nuevo León,67556,334861,0,0,0,0,15236,417653,288,7717,425658,772446,
1970,Oaxaca,23027,636427,0,0,0,0,16239,675693,391,27423,703507,893478,
1970,Puebla,94849,528897,0,0,0,0,25560,649306,134,9241,658681,1040977,
1970,Queretaro,12679,129431,0,0,0,0,1345,143455,10,2659,146124,219479,
1970,Quintana Roo,0,30770,0,0,0,0,0,30770,0,696,31466,34928,
1970,San Luis Potosí,39403,303653,0,0,0,0,4337,347393,66,9658,357117,556233,
1970,Sinaloa,13964,253097,0,0,0,0,7932,274993,231,1546,276770,529427,
1970,Sonora,14643,203135,0,0,0,0,12666,230444,57,0,230501,583834,
1970,Tabasco,2045,228688,0,0,0,0,2885,233618,0,0,233618,294828,
1970,Tamaulipas,31589,353347,0,0,0,0,6533,391469,140,810,392419,673581,
1970,Tlaxcala,6613,114668,0,0,0,0,586,121867,182,19,122068,178219,
1970,Veracruz,73005,1002956,0,0,0,0,22071,1098032,7686,64461,1170179,1595297,
1970,Yucatán,34244,188609,0,0,0,0,1109,223962,0,0,223962,338222,
1970,Zacatecas,24909,247478,0,0,0,0,1125,273512,136,30,273678,421069,
1973,Aguascalientes,14894,73876,0,0,0,0,2673,91443,49,1647,93139,176976,
1973,Baja California,0,194805,0,0,0,0,57413,252218,654,3,252875,478520,
1973,Baja California Sur,2486,29289,0,0,0,0,868,32643,52,707,33402,62516,
1973,Campeche,1155,95447,0,0,0,0,213,96815,3,1124,97942,133136,
1973,Chiapas,65774,415648,0,0,0,0,7778,489200,78,37501,526779,715968,
1973,Chihuahua,44240,330102,0,0,0,0,8558,382900,595,45973,429468,882090,
1973,Coahuila,19680,244048,0,0,0,0,8425,272153,92,17557,289802,621377,
1973,Colima,3000,53401,0,0,0,0,251,56652,40,563,57255,132539,
1973,Distrito Federal,917768,1244899,0,0,0,0,228283,2390950,6691,265004,2662645,3635728,
1973,Durango,10711,157765,0,0,0,0,15654,184130,390,21177,205697,591559,
1973,Guanajuato,64225,545983,0,0,0,0,12893,623101,1027,125301,749429,1086719,
1973,Guerrero,11979,503304,0,0,0,0,8648,523931,453,60323,584707,818875,
1973,Hidalgo,29182,348180,0,0,0,0,11061,388423,5225,40325,433973,597108,
1973,Jalisco,222118,655788,0,0,0,0,48232,926138,1818,30919,958875,1617001,
1973,México,298613,798740,0,0,0,0,61272,1158625,2995,113549,1275169,1666582,
1973,Michoacán,54719,521711,0,0,0,0,16884,593314,1293,90902,685509,1158593,
1973,Morelos,30260,111721,0,0,0,0,10561,152542,423,7000,159965,312260,
1973,Nayarit,4094,43501,0,0,0,0,27087,74682,1,42,74725,274907,
1973,Nuevo León,67393,319735,0,0,0,0,9888,397016,265,84627,481908,845958,
1973,Oaxaca,29058,506125,0,0,0,0,59255,594438,899,8326,603663,971199,
1973,Puebla,152142,462600,0,0,0,0,39211,653953,869,69685,724507,1251463,
1973,Queretaro,10386,129888,0,0,0,0,2869,143143,88,3282,146513,253447,
1973,Quintana Roo,2,33590,0,0,0,0,281,33873,49,9259,43181,43377,
1973,San Luis Potosí,28246,292176,0,0,0,0,4141,324563,165,3122,327850,607069,
1973,Sinaloa,14643,203135,0,0,0,0,12666,230444,367,53464,284275,583834,
1973,Sonora,13802,188570,0,0,0,0,5945,208317,541,1178,210036,610871,
1973,Tabasco,11114,162831,0,0,0,0,2644,176589,109,14230,190928,358481,
1973,Tamaulipas,25090,330936,0,0,0,0,47163,403189,1101,21437,425727,753976,
1973,Tlaxcala,11540,119377,0,0,0,0,4286,135203,244,241,135688,212621,
1973,Veracruz,52746,893805,0,0,0,0,77892,1024443,1602,65013,1091058,1845369,
1973,Yucatán,19875,246375,0,0,0,0,8141,274391,30,36874,311295,375259,
1973,Zacatecas,18703,246708,0,0,0,0,3409,268820,146,2188,271154,450401,
1976,Aguascalientes,11329,87768,0,0,0,0,2693,101790,65,4771,106626,198930,
1976,Baja California,54076,217086,0,0,0,0,15151,286313,127,2165,288605,525293,
1976,Baja California Sur,0,41363,0,0,0,0,3310,44673,35,3957,48665,72858,
1976,Campeche,134,135627,0,0,0,0,477,136238,14,1895,138147,144891,
1976,Chiapas,1246,457806,0,0,0,0,14070,473122,39,3575,476736,716223,
1976,Chihuahua,34890,316034,0,0,0,0,29716,380640,572,56369,437581,928704,
1976,Coahuila,12103,354059,0,0,0,0,14975,381137,72,8958,390167,672945,
1976,Colima,2322,55479,0,0,0,0,663,58464,108,1420,59992,147814,
1976,Distrito Federal,604229,1579629,0,0,0,0,218581,2402439,15187,439966,2857592,4434173,
1976,Durango,0,230573,0,0,0,0,7143,237716,810,5626,244152,525885,
1976,Guanajuato,2347,574710,0,0,0,0,38332,615389,679,16145,632213,1079893,
1976,Guerrero,2374,645874,0,0,0,0,22640,670888,377,3829,675094,955373,
1976,Hidalgo,10087,415692,0,0,0,0,11717,437496,12158,4965,454619,659154,
1976,Jalisco,130905,795508,0,0,0,0,45987,972400,1484,45759,1019643,1471794,
1976,México,186427,1065941,0,0,0,0,53031,1305399,4196,303538,1613133,1986365,
1976,Michoacán,28200,674160,0,0,0,0,15246,717606,1550,206579,925735,1158708,
1976,Morelos,22619,139843,0,0,0,0,7547,170009,654,16531,187194,352414,
1976,Nayarit,0,163991,0,0,0,0,3013,167004,0,13771,180775,324737,
1976,Nuevo León,64591,260227,0,0,0,0,25436,350254,1083,11333,362670,714755,
1976,Oaxaca,3569,541856,0,0,0,0,81670,627095,1138,2879,631112,1060668,
1976,Puebla,96461,612601,0,0,0,0,31873,740935,2189,19520,762644,1265197,
1976,Queretaro,10813,143322,0,0,0,0,3652,157787,325,6519,164631,279110,
1976,Quintana Roo,1655,45089,0,0,0,0,345,47089,3,1722,48814,56473,
1976,San Luis Potosí,14186,331852,0,0,0,0,6555,352593,490,7523,360606,377688,
1976,Sinaloa,9580,268693,0,0,0,0,11729,290002,320,4239,294561,650897,
1976,Sonora,7935,314171,0,0,0,0,15032,337138,145,4470,341753,672221,
1976,Tabasco,2,242110,0,0,0,0,19387,261499,19,829,262347,340313,
1976,Tamaulipas,0,358251,0,0,0,0,59682,417933,288,15963,434184,883594,
1976,Tlaxcala,1536,190018,0,0,0,0,4058,195612,12,1164,196788,234372,
1976,Veracruz,40584,1022136,0,0,0,0,28579,1091299,11305,30286,1132890,1741547,
1976,Yucatán,0,309615,0,0,0,0,11341,320956,121,6417,327494,411829,
1976,Zacatecas,0,285938,0,0,0,0,6393,292331,966,2947,296244,482703,
1979,Aguascalientes,9450,66085,1552,0,0,0,10056,87143,120,4233,91496,211138,
1979,Baja California,67865,204680,17307,0,0,0,35621,325473,188,43155,368816,563677,
1979,Baja California Sur,6302,27826,1665,0,0,0,2714,38507,12,1517,40036,97984,
1979,Campeche,1339,82028,1148,0,0,0,1348,85863,1,8420,94284,144395,
1979,Chiapas,7036,418344,1955,0,0,0,12826,440161,36,1293,441490,763429,
1979,Chihuahua,47357,229917,18265,0,0,0,25985,321524,57,27995,349576,868401,
1979,Coahuila,43673,148044,4838,0,0,0,8453,205008,36,29783,234827,727560,
1979,Colima,4960,34880,628,0,0,0,2511,42979,13,1187,44179,137869,
1979,Distrito Federal,443872,1232581,303837,0,0,0,350883,2331173,6273,302284,2639730,4587423,
1979,Durango,19040,189112,4922,0,0,0,9509,222583,23,4126,226732,530987,
1979,Guanajuato,74436,443685,5666,0,0,0,43852,567639,198,30230,598067,1187434,
1979,Guerrero,9435,302596,19076,0,0,0,25334,356441,20,3224,359685,944442,
1979,Hidalgo,11576,341932,8063,0,0,0,12956,374527,60,3405,377992,670232,
1979,Jalisco,137634,544322,38267,0,0,0,111474,831697,237,147771,979705,1829081,
1979,México,202302,984516,128197,0,0,0,176577,1491592,1262,140416,1633270,2415420,
1979,Michoacán,23953,428222,10242,0,0,0,27274,489691,62,8650,498403,1272879,
1979,Morelos,19960,156570,8715,0,0,0,17927,203172,115,8044,211331,406461,
1979,Nayarit,981,64996,10679,0,0,0,6112,82768,5,1846,84619,293534,
1979,Nuevo León,122106,269504,4962,0,0,0,4548,401120,7,8097,409224,962717,
1979,Oaxaca,21285,375732,11624,0,0,0,45293,453934,58,7843,461835,1049793,
1979,Puebla,72618,466985,28097,0,0,0,31937,599637,25,24852,624514,1294973,
1979,Queretaro,11164,118036,2408,0,0,0,8191,139799,48,1333,141180,237623,
1979,Quintana Roo,533,55174,251,0,0,0,901,56859,7,1031,57897,80951,
1979,San Luis Potosí,15318,239633,4269,0,0,0,15995,275215,89,14180,289484,634951,
1979,Sinaloa,13798,141382,8586,0,0,0,13654,177420,331,11666,189417,664715,
1979,Sonora,28696,152845,4161,0,0,0,5537,191239,32,3653,194924,744972,
1979,Tabasco,3669,161358,1757,0,0,0,8768,175552,31,9209,184792,402164,
1979,Tamaulipas,7985,236034,7340,0,0,0,62037,313396,150,6694,320240,865536,
1979,Tlaxcala,6675,96761,3328,0,0,0,6900,113664,41,978,114683,259879,
1979,Veracruz,24699,1014887,13446,0,0,0,91062,1144094,264,30588,1174946,2192504,
1979,Yucatán,15282,207770,4467,0,0,0,2708,230227,24,2554,232805,454986,
1979,Zacatecas,12049,174822,4526,0,0,0,9336,200733,43,2717,203493,440798,
1982,Aguascalientes,32154,133730,2041,0,0,0,11908,179833,0,0,179833,260868,
1982,Baja California,154116,253678,18566,0,0,0,47923,474283,0,0,474283,685922,
1982,Baja California Sur,11532,62728,2398,0,0,0,5953,82611,0,0,82611,116364,
1982,Campeche,7272,97763,927,0,0,0,2288,108250,7,2293,110550,168338,
1982,Chiapas,20213,571064,8383,0,0,0,33702,633362,0,0,633362,923098,
1982,Chihuahua,154603,338870,14244,0,0,0,21947,529664,0,0,529664,963883,
1982,Coahuila,86870,211782,5042,0,0,0,15693,319387,0,0,319387,681635,
1982,Colima,7190,95846,1326,0,0,0,5469,109831,0,0,109831,170791,
1982,Distrito Federal,922901,1634228,331393,0,0,0,491454,3379976,37,0,3380013,4779964,
1982,Durango,66231,271380,8508,0,0,0,15970,362089,12,0,362101,603027,
1982,Guanajuato,177162,556991,10621,0,0,0,91695,836469,0,0,836469,1398807,
1982,Guerrero,21629,409217,21226,0,0,0,32114,484186,0,0,484186,984325,
1982,Hidalgo,50058,476176,9137,0,0,0,25950,561321,0,0,561321,748930,
1982,Jalisco,347962,761376,115381,0,0,0,98858,1323577,0,0,1323577,2031506,
1982,México,598596,1432203,152859,0,0,0,278453,2462111,0,0,2462111,3608987,
1982,Michoacán,87369,556329,17721,0,0,0,48691,710110,0,0,710110,1359175,
1982,Morelos,31846,225489,10131,0,0,0,32375,299841,0,0,299841,392556,
1982,Nayarit,5224,150745,23191,0,0,0,8307,187467,0,0,187467,332502,
1982,Nuevo León,211205,625354,5676,0,0,0,19789,862024,0,0,862024,1155687,
1982,Oaxaca,46399,563842,22699,0,0,0,47591,680531,0,0,680531,1131450,
1982,Puebla,142214,943379,28785,0,0,0,53412,1167790,0,0,1167790,1591940,
1982,Queretaro,39371,187529,3553,0,0,0,9556,240009,0,0,240009,347054,
1982,Quintana Roo,3014,86273,1009,0,0,0,3169,93465,0,0,93465,108075,
1982,San Luis Potosí,43349,383539,4446,0,0,0,33983,465317,0,0,465317,728011,
1982,Sinaloa,65949,457122,33401,0,0,0,27653,584125,0,0,584125,864566,
1982,Sonora,102417,213291,5897,0,0,0,12277,333882,0,0,333882,727765,
1982,Tabasco,13197,294074,2019,0,0,0,7619,316909,0,0,316909,446381,
1982,Tamaulipas,37527,429394,85785,0,0,0,97660,650366,0,512,650878,887181,
1982,Tlaxcala,22845,141052,3888,0,0,0,5071,172856,0,0,172856,260973,
1982,Veracruz,65227,1504506,43556,0,0,0,178466,1791755,41,3342,1795138,2517944,
1982,Yucatán,57911,254913,3198,0,0,0,2939,318961,0,0,318961,511279,
1982,Zacatecas,38803,286447,7168,0,0,0,8597,341015,0,0,341015,544252,
1985,Aguascalientes,31807,143155,1226,0,0,0,16016,192204,15,10810,203029,293488,
1985,Baja California,118219,212065,10780,0,0,0,60100,401164,100,59451,460715,796165,
1985,Baja California Sur,13320,51646,1294,0,0,0,6721,72981,10,2999,75990,148766,
1985,Campeche,4062,119936,403,0,0,0,2918,127319,17,6697,134033,204188,
1985,Chiapas,22420,541080,6908,0,0,0,32634,603042,9,13606,616657,1051329,
1985,Chihuahua,176555,233995,6555,0,0,0,17831,434936,21,25675,460632,1190670,
1985,Coahuila,56923,174111,3629,0,0,0,16389,251052,0,5008,256060,807424,
1985,Colima,10163,84762,1125,0,0,0,5721,101771,3,1229,103003,200751,
1985,Distrito Federal,613088,1193260,196589,0,0,0,524796,2527733,2053,269494,2799280,5074951,
1985,Durango,79364,200888,4855,0,0,0,12740,297847,37,4702,302586,670885,
1985,Guanajuato,119279,368709,5044,0,0,0,122470,615502,9,3344,618855,1535839,
1985,Guerrero,16256,396640,11384,0,0,0,25519,449799,2,6043,455844,1093364,
1985,Hidalgo,21566,335300,5137,0,0,0,42438,404441,1609,11181,417231,750902,
1985,Jalisco,261012,635012,45610,0,0,0,147649,1089283,105,68944,1158332,2322823,
1985,México,352891,1194590,109368,0,0,0,344588,2001437,561,119304,2121302,3528260,
1985,Michoacán,78517,364161,9091,0,0,0,58633,510402,42,8997,519441,1456323,
1985,Morelos,25328,164024,5649,0,0,0,27410,222411,43,20581,243035,508168,
1985,Nayarit,5298,140274,13321,0,0,0,11678,170571,0,5718,176289,361699,
1985,Nuevo León,184839,577628,3944,0,0,0,12907,779318,8,20254,799580,1350874,
1985,Oaxaca,28059,590880,13082,0,0,0,80763,712784,9,5198,717991,1223819,
1985,Puebla,117245,681080,14609,0,0,0,50782,863716,3850,44787,912353,1676498,
1985,Queretaro,33666,175562,1587,0,0,0,9439,220254,6,8750,229010,355210,
1985,Quintana Roo,2295,85894,914,0,0,0,5408,94511,3,6319,100833,137920,
1985,San Luis Potosí,45407,326769,3318,0,0,0,21314,396808,75,6740,403623,790763,
1985,Sinaloa,84390,332702,17089,0,0,0,18117,452298,59,19351,471708,1037963,
1985,Sonora,91724,244913,2640,0,0,0,12382,351659,11,7760,359430,876029,
1985,Tabasco,7423,274386,2367,0,0,0,25065,309241,7,2094,311342,590485,
1985,Tamaulipas,35514,342500,10266,0,0,0,89648,477928,6,24316,502250,1064809,
1985,Tlaxcala,8652,170027,2738,0,0,0,18891,200308,2,1989,202299,300028,
1985,Veracruz,77471,717339,52223,0,0,0,242761,1089794,3245,41584,1134623,2750980,
1985,Yucatán,38650,246387,1538,0,0,0,4236,290811,2,4303,295116,546261,
1985,Zacatecas,25815,268555,10838,0,0,0,9273,314481,3,2968,317452,580849,
1988,Aguascalientes,47535,83498,4615,0,0,0,28185,163833,0,0,163833,334920,
1988,Baja California,106479,168317,15561,0,0,0,119008,409365,0,0,409365,817466,
1988,Baja California Sur,15540,47623,1678,0,0,0,17628,82469,0,0,82469,150348,
1988,Campeche,13276,83237,1415,0,0,0,16244,114172,0,0,114172,229954,
1988,Chiapas,22978,553805,9963,0,0,0,29227,615973,0,0,615973,1189034,
1988,Chihuahua,197464,283888,4805,0,0,0,24002,510159,0,0,510159,1295067,
1988,Coahuila,51313,185870,5645,0,0,0,80358,323186,0,0,323186,866211,
1988,Colima,13292,48883,1894,0,0,0,29592,93661,0,0,93661,218028,
1988,Distrito Federal,679678,770423,245078,0,0,0,1095540,2790719,0,0,2790719,5095462,
1988,Durango,65778,191098,17236,0,0,0,46010,320122,0,0,320122,682290,
1988,Guanajuato,206747,317778,10450,0,0,0,161964,696939,0,0,696939,1572760,
1988,Guerrero,11500,308397,16151,0,0,0,179227,515275,0,0,515275,1200804,
1988,Hidalgo,24431,271913,17636,0,0,0,101202,415182,0,0,415182,812252,
1988,Jalisco,354855,508816,32488,0,0,0,255892,1152051,0,0,1152051,2420207,
1988,México,376585,693960,218885,0,0,0,919316,2208746,0,0,2208746,4190232,
1988,Michoacán,62819,152547,12535,0,0,0,349293,577194,0,0,577194,1530443,
1988,Morelos,22473,98622,11405,0,0,0,119860,252360,0,0,252360,583597,
1988,Nayarit,10777,120535,13358,0,0,0,51917,196587,0,0,196587,405300,
1988,Nuevo León,165686,497221,4472,0,0,0,21913,689292,0,0,689292,1509564,
1988,Oaxaca,29734,390965,22837,0,0,0,154162,597698,0,0,597698,1364539,
1988,Puebla,116617,507578,35605,0,0,0,166774,826574,0,0,826574,1695380,
1988,Queretaro,46809,150419,3877,0,0,0,29612,230717,0,0,230717,409408,
1988,Quintana Roo,7835,61863,1298,0,0,0,18270,89266,0,0,89266,188191,
1988,San Luis Potosí,78761,241763,3114,0,0,0,30871,354509,0,0,354509,868279,
1988,Sinaloa,140854,322366,10368,0,0,0,42731,516319,0,0,516319,1113969,
1988,Sonora,82897,282474,5460,0,0,0,24755,395586,0,0,395586,899250,
1988,Tabasco,13933,198975,5113,0,0,0,42078,260099,0,0,260099,634687,
1988,Tamaulipas,43581,290055,8169,0,0,0,114763,456568,0,0,456568,1120265,
1988,Tlaxcala,10816,113329,5970,0,0,0,50820,180935,0,0,180935,331907,
1988,Veracruz,104323,882704,38210,0,0,0,409004,1434241,0,0,1434241,3045721,
1988,Yucatán,88419,205833,1189,0,0,0,2897,298338,0,0,298338,602041,
1988,Zacatecas,30922,192253,16357,0,0,0,46422,285954,0,0,285954,602780,
1991,Aguascalientes,40629,137627,5481,1864,2691,0,18810,207102,0,0,207102,313353,
1991,Baja California,255885,262197,15857,6873,4762,0,26796,572370,0,0,572370,768150,
1991,Baja California Sur,22116,59950,1333,559,492,0,5734,90184,0,0,90184,144112,
1991,Campeche,4965,114806,6171,327,825,0,18371,145465,0,0,145465,221126,
1991,Chiapas,52146,646795,50398,4626,1617,0,91253,846835,0,0,846835,1455269,
1991,Chihuahua,229499,414397,15487,25587,4763,0,19664,709397,0,0,709397,1117521,
1991,Coahuila,93599,280489,33082,2308,1535,0,33079,444092,0,0,444092,872177,
1991,Colima,16757,78536,10135,1155,409,0,10951,117943,0,0,117943,186358,
1991,Distrito Federal,653102,1519976,391989,40639,142374,0,534121,3282201,0,0,3282201,4498531,
1991,Durango,53734,201861,18859,35779,2546,0,12069,324848,0,0,324848,554713,
1991,Guanajuato,390074,622821,55027,3304,6312,0,88833,1166371,0,0,1166371,1650249,
1991,Guerrero,14357,307713,120976,6067,2595,0,37032,488740,0,0,488740,1006898,
1991,Hidalgo,35327,342759,40036,2695,969,0,49627,471413,0,0,471413,815417,
1991,Jalisco,361573,960413,41072,13932,20752,0,123848,1521590,0,0,1521590,2306790,
1991,México,501683,1608341,309794,32052,79508,0,474268,3005646,0,0,3005646,4505457,
1991,Michoacán,81723,507788,293955,3150,4772,0,50344,941732,0,0,941732,1459550,
1991,Morelos,22175,194988,36477,2153,7186,0,33070,296049,0,0,296049,534302,
1991,Nayarit,7799,134922,24697,7886,1198,0,14684,191186,0,0,191186,350160,
1991,Nuevo León,151600,400162,7254,15443,3477,0,6540,584476,0,0,584476,1468664,
1991,Oaxaca,34972,466478,60442,5174,3379,0,64097,634542,0,0,634542,1229061,
1991,Puebla,172537,804413,53123,10493,13176,0,106092,1159834,0,0,1159834,1851039,
1991,Queretaro,63942,213066,7440,1918,2647,0,15559,304572,0,0,304572,424242,
1991,Quintana Roo,13155,85621,6509,182,467,0,6354,112288,0,0,112288,208265,
1991,San Luis Potosí,156327,328889,6945,1602,1166,0,19697,514626,0,0,514626,834475,
1991,Sinaloa,144096,415645,31270,4290,1770,0,19899,616970,0,0,616970,985992,
1991,Sonora,118381,333226,16043,2962,2112,0,13744,486468,0,0,486468,794423,
1991,Tabasco,7924,244232,63459,703,544,0,19032,335894,0,0,335894,660939,
1991,Tamaulipas,93709,403961,23779,1971,824,0,113969,638213,0,0,638213,1002932,
1991,Tlaxcala,18156,159079,13351,1312,1177,0,21176,214251,0,0,214251,349486,
1991,Veracruz,89513,1351636,107490,12806,12006,0,221820,1795271,0,0,1795271,3037231,
1991,Yucatán,131809,226258,868,2094,1071,0,3949,366049,0,0,366049,615646,
1991,Zacatecas,33031,276980,25898,12686,1091,0,16312,365998,0,0,365998,547978,
1994,Aguascalientes,118451,158150,28789,6013,5154,0,13085,329642,120,8632,338394,420935,
1994,Baja California,289450,399542,61704,13387,10488,0,14350,788921,436,20956,810313,1038561,
1994,Baja California Sur,46316,79548,7457,2508,1046,0,2225,139100,25,3075,142200,182596,
1994,Campeche,35922,122556,46547,2687,1123,0,9808,218643,154,7376,226173,296117,
1994,Chiapas,110532,504691,337877,19945,5869,0,36576,1015490,1103,67750,1084343,1625874,
1994,Chihuahua,305520,641054,62628,35448,6433,0,23283,1074366,405,33740,1108511,1476801,
1994,Coahuila,212147,368533,82165,18238,5617,0,35599,722299,899,16836,740034,1101180,
1994,Colima,50438,107696,24588,1930,2066,0,7815,194533,57,5138,199728,254836,
1994,Distrito Federal,1177257,1747375,920463,170501,153136,0,133008,4301740,3065,115991,4420796,5362760,
1994,Durango,127431,261056,45647,58934,2629,0,9335,505032,214,14262,519508,707682,
1994,Guanajuato,517864,927959,145625,27233,15064,0,61796,1695541,1029,63634,1760204,2099320,
1994,Guerrero,71665,377321,260012,8666,4226,0,35257,757147,277,29494,786918,1188918,
1994,Hidalgo,121840,457853,109556,12814,5805,0,24703,732571,774,33289,766634,1005722,
1994,Jalisco,976190,1042898,180190,42231,26821,0,68375,2336705,605,62374,2399684,2885694,
1994,México,1162284,2088759,829509,139083,115534,0,144676,4479845,4119,127555,4611519,5846382,
1994,Michoacán,209466,617149,485962,15082,10224,0,35807,1373690,770,40102,1414562,1825105,
1994,Morelos,113714,288887,106879,13165,9418,0,19032,551095,214,15591,566900,749176,
1994,Nayarit,50766,183679,51228,12737,2085,0,8659,309154,392,7289,316835,459663,
1994,Nuevo León,605300,717746,33596,80735,7972,0,13475,1458824,932,33638,1493394,1899908,
1994,Oaxaca,121231,515417,262732,17571,5924,0,39796,962671,715,51235,1014621,1429854,
1994,Puebla,414300,808657,215783,33003,19234,0,46977,1537954,895,72861,1611710,2096193,
1994,Queretaro,142327,279355,23839,7609,3948,0,15165,472243,187,15479,487909,589907,
1994,Quintana Roo,56266,114522,25049,2368,1954,0,5675,205834,82,5966,211882,301248,
1994,San Luis Potosí,184682,449934,64687,14762,6330,0,16096,736491,249,29503,766243,1039977,
1994,Sinaloa,262850,496049,119951,8428,4520,0,16989,908787,688,21068,930543,1205235,
1994,Sonora,273255,402469,112216,28655,4637,0,11555,832787,148,19228,852163,1120700,
1994,Tabasco,35061,361722,203943,5647,2110,0,8542,617025,190,25198,642413,824166,
1994,Tamaulipas,234348,508967,153044,25394,7053,0,70017,998823,185,32612,1031620,1330814,
1994,Tlaxcala,77116,188211,49838,7754,4288,0,13802,341009,241,10326,351576,436723,
1994,Veracruz,388116,1389791,595720,46786,21905,0,113084,2555402,1584,104293,2661279,3522994,
1994,Yucatán,200703,266508,13090,3264,2951,0,4318,490834,149,11513,502496,729746,
1994,Zacatecas,108481,304659,47713,23910,2541,0,8882,496186,162,14460,510808,674265,
1997,Aguascalientes,104507,122089,37326,4950,12211,0,6683,287766,93,0,287859,486423,
1997,Baja California,264060,218144,82249,10752,24322,0,9378,608905,653,0,609558,1231667,
1997,Baja California Sur,21927,56811,14175,18379,2460,0,993,114745,16,0,114761,210057,
1997,Campeche,18871,107296,80824,14595,1990,0,2231,225807,143,0,225950,336936,
1997,Chiapas,82223,315950,186798,20644,7933,0,9492,623040,1644,0,624684,1845745,
1997,Chihuahua,366732,374887,91783,21128,25000,0,10296,889826,116,0,889942,1684825,
1997,Coahuila,166232,268140,77151,11268,10569,0,17049,550409,52,0,550461,1240254,
1997,Colima,74621,72449,38336,1534,2259,0,4305,193504,31,0,193535,293384,
1997,Distrito Federal,696777,912259,1751786,63263,332770,0,104567,3861422,1088,0,3862510,5889985,
1997,Durango,96867,152179,42876,94011,6725,0,5324,397982,441,0,398423,787213,
1997,Guanajuato,669819,532959,202119,29485,56231,0,64763,1555376,683,0,1556059,2446308,
1997,Guerrero,39632,316128,292916,11349,10626,0,15802,686453,753,0,687206,1458395,
1997,Hidalgo,101624,315464,168133,17013,16537,0,9811,628582,284,0,628866,1165278,
1997,Jalisco,936982,743571,245459,26403,88478,0,47965,2088858,720,0,2089578,3355279,
1997,México,771738,1358750,1320321,58238,255329,0,92509,3856885,1723,0,3858608,6687455,
1997,Michoacán,197935,391752,440488,14312,26316,0,23570,1094373,936,0,1095309,2116025,
1997,Morelos,71305,160956,177101,8484,17678,0,7812,443336,437,0,443773,880871,
1997,Nayarit,64149,139701,56816,5745,4115,0,3876,274402,33,0,274435,520491,
1997,Nuevo León,665118,544011,39911,77272,14679,0,9385,1350376,677,0,1351053,2161235,
1997,Oaxaca,102902,404617,249756,14423,16475,0,18878,807051,1629,0,808680,1684939,
1997,Puebla,321471,611227,228434,21683,46945,0,23537,1253297,329,0,1253626,2398472,
1997,Queretaro,207077,167938,42805,9981,11824,0,17140,456765,70,0,456835,688614,
1997,Quintana Roo,39357,79590,39837,3906,4379,0,2291,169360,38,0,169398,363731,
1997,San Luis Potosí,266715,306022,75230,25188,12620,0,11275,697050,644,0,697694,1177256,
1997,Sinaloa,233375,331486,176024,11884,12259,0,10903,775931,668,0,776599,1369536,
1997,Sonora,226325,275619,203647,14088,6020,0,6485,732184,277,0,732461,1223111,
1997,Tabasco,25281,280954,221451,6444,5706,0,3801,543637,78,0,543715,956733,
1997,Tamaulipas,150826,390113,218732,32459,11025,0,9940,813095,434,0,813529,1529412,
1997,Tlaxcala,47401,105143,57821,13334,10216,0,8377,242292,54,0,242346,498549,
1997,Veracruz,444799,905093,558725,61617,45294,0,53873,2069401,1116,0,2070517,3910116,
1997,Yucatán,190931,255193,37070,4410,8060,0,2980,498644,51,0,498695,855719,
1997,Zacatecas,107733,210606,58515,26707,7644,0,6437,417642,127,0,417769,754952,
2000,Aguascalientes,0,126479,0,0,0,221615,16112,364206,99,6393,370698,557618,
2000,Baja California,0,316328,0,0,0,488791,24852,829971,319,15746,846036,1491763,
2000,Baja California Sur,0,50499,0,0,0,105316,4127,159942,45,3216,163203,249386,
2000,Campeche,0,112304,0,0,0,124016,10095,246415,930,10204,257549,382424,
2000,Chiapas,0,470557,0,0,0,536493,17922,1024972,720,48015,1073707,2089055,
2000,Chihuahua,0,461256,0,0,0,609793,23655,1094704,268,23459,1118431,1934764,
2000,Coahuila,0,350778,0,0,0,426257,15636,792671,1684,14142,808497,1385157,
2000,Colima,0,85740,0,0,0,116731,9355,211826,70,4581,216477,328822,
2000,Distrito Federal,0,987144,0,0,0,2945321,366278,4298743,2049,84148,4384940,6222970,
2000,Durango,0,223791,0,0,0,253458,10674,487923,842,9641,498406,866612,
2000,Guanajuato,0,560696,0,0,0,1174056,52352,1787104,2377,52189,1841670,2766339,
2000,Guerrero,0,418414,0,0,0,470635,14887,903936,935,23187,928058,1728951,
2000,Hidalgo,0,374625,0,0,0,385939,27097,787661,882,22359,810902,1315088,
2000,Jalisco,0,936760,0,0,0,1487680,122522,2546962,1443,50957,2599362,3797599,
2000,México,0,1661568,0,0,0,3060962,262117,4984647,4000,99264,5087911,7497317,
2000,Michoacán,0,453486,0,0,0,921075,38750,1413311,2169,33145,1448625,2395596,
2000,Morelos,0,187196,0,0,0,404509,26608,618313,125,15009,633447,969497,
2000,Nayarit,0,173421,0,0,0,161295,6979,341695,661,8335,350691,565163,
2000,Nuevo León,0,616422,0,0,0,829339,42190,1487951,997,30588,1519536,2402746,
2000,Oaxaca,0,488045,0,0,0,552572,36163,1076780,2205,42934,1121919,1926975,
2000,Puebla,0,714461,0,0,0,895850,49429,1659740,691,46489,1706920,2736148,
2000,Queretaro,0,190815,0,0,0,313547,34822,539184,187,15110,554481,796095,
2000,Quintana Roo,0,98391,0,0,0,171292,6404,276087,39,6263,282389,459338,
2000,San Luis Potosí,0,348111,0,0,0,425143,22909,796163,904,27354,824421,1309409,
2000,Sinaloa,0,525940,0,0,0,395575,17881,939396,1468,18146,959010,1502403,
2000,Sonora,0,328873,0,0,0,515040,12230,856143,106,14793,871042,1371122,
2000,Tabasco,0,278717,0,0,0,366525,13301,658543,670,15894,675107,1064300,
2000,Tamaulipas,0,494689,0,0,0,541905,24534,1061128,1229,22024,1084381,1738461,
2000,Tlaxcala,0,137194,0,0,0,184486,15601,337281,136,9132,346549,557799,
2000,Veracruz,0,1040396,0,0,0,1473800,54422,2568618,1089,64870,2634577,4241325,
2000,Yucatán,0,328538,0,0,0,337992,8120,674650,880,15227,690757,964755,
2000,Zacatecas,0,192506,0,0,0,284348,12690,489544,220,13116,502880,833982,
